CPU,Количество ядер,Кэш жесткого диска,Уровень шума жесткого диска
4.0,4,16,
3.0,6,16,24.658
4.0,0,16,
6.0,7,0,25.274
5.0,3,16,25.991
6.0,2,16,24.851
4.0,2,64,27.558
6.0,4,32,27.45
7.0,1,16,25.713
,1,16,25.164
4.0,7,16,24.069
5.0,100054,32,
100054.0,3,64,
4.0,7,0,
2.0,0,32,24.587
200104.0,6,64,25.0
8.0,2,32,25.018
3.0,5,0,25.981
7.0,7,0,27.198
2.0,3,32,
7.0,0,16,26.783
4.0,6,64,24.672
2.0,5,64,24.411
5.0,5,0,
,6,0,
5.0,6,16,25.749
300154.0,7,16,27.214
,200104,0,
6.0,0,16,27.663
11.0,2,64,24.439
5.0,4,64,26.483
3.0,1,32,
3.0,7,32,27.099
3.0,4,0,25.284
7.0,5,64,26.101
,1,32,24.888
3.0,2,32,24.728
2.0,2,16,25.874
3.0,7,0,26.81
4.0,5,16,26.268
400204.0,1,16,26.074
7.0,0,64,
5.0,3,0,24.544
3.0,3,0,26.296
6.0,3,64,
4.0,2,0,24.567
4.0,300154,32,24.936
2.0,0,16,24.734
500254.0,1,0,26.29
4.0,7,32,27.612
3.0,2,0,24.576
5.0,0,0,25.817
6.0,3,64,26.893
5.0,4,32,25.199
10.0,7,32,25.7
5.0,7,32,28.077
6.0,6,0,27.117
8.0,4,64,29.123
8.0,6,0,27.043
6.0,2,64,26.261
600304.0,400204,64,27.059
3.0,6,64,27.776
7.0,0,16,25.983
4.0,2,16,
9.0,2,16,25.259
6.0,2,32,25.748
5.0,500254,0,27.488
4.0,5,16,27.5
5.0,3,16,25.589
6.0,2,16,25.706
5.0,7,64,26.651
6.0,2,64,25.645
6.0,6,0,25.648
4.0,5,16,26.923
5.0,0,32,26.059
0.0,0,0,25.875
4.0,6,0,26.607
4.0,5,0,24.726
4.0,6,0,27.029
700354.0,4,0,25.301
11.0,2,64,
5.0,4,64,26.981
5.0,5,0,25.739
8.0,0,64,26.003
4.0,0,64,26.375
6.0,4,32,25.274
800404.0,6,0,
4.0,2,32,26.833
5.0,3,0,27.331
4.0,0,0,25.996
900454.0,4,32,25.949
4.0,600304,16,25.85
10.0,6,0,
9.0,7,64,28.71
8.0,0,16,27.241
3.0,5,32,26.275
6.0,6,16,25.482
4.0,1,16,26.993
5.0,1,64,25.555
3.0,2,16,24.669
9.0,7,0,27.551
4.0,0,0,25.226
4.0,3,16,27.46
9.0,0,64,24.935
7.0,5,16,26.657
0.0,0,32,24.93
3.0,0,16,28.446
1000504.0,1,64,27.731
5.0,700354,64,25.173
5.0,0,32,24.285
9.0,5,32,26.474
6.0,3,32,24.684
9.0,6,0,26.968
7.0,6,64,29.274
5.0,5,0,25.788
6.0,7,32,28.036
5.0,7,16,26.227
4.0,1,64,27.182
,7,64,
6.0,1,32,26.132
7.0,800404,16,27.253
2.0,3,32,26.791
8.0,0,0,27.659
10.0,5,32,26.422
2.0,5,16,27.528
1100554.0,0,0,26.508
9.0,900454,0,26.452
7.0,4,32,24.758
5.0,5,64,25.897
11.0,4,0,25.646
6.0,6,0,25.412
8.0,1,64,28.728
5.0,7,64,26.047
4.0,7,0,25.59
3.0,6,64,25.087
,1000504,0,27.083
3.0,0,0,26.174
4.0,5,32,29.184
1200604.0,4,16,26.327
5.0,2,32,28.3
6.0,4,16,
4.0,3,0,27.086
3.0,5,16,28.259
3.0,6,0,26.045
8.0,3,0,25.813
5.0,1,32,26.49
6.0,1,16,25.69
4.0,3,0,28.099
5.0,6,0,25.225
8.0,1,0,25.349
6.0,0,16,26.601
2.0,1,64,24.454
5.0,7,64,26.569
1300654.0,6,0,25.027
5.0,3,0,26.733
9.0,2,32,30.167
3.0,1100554,16,29.663
8.0,3,0,24.943
6.0,3,0,26.057
4.0,2,16,29.359
9.0,0,16,26.373
8.0,1200604,64,28.934
3.0,3,0,26.599
1400704.0,7,64,
2.0,0,0,27.335
3.0,1,16,27.721
3.0,2,16,27.185
5.0,7,32,29.683
5.0,4,16,27.264
9.0,1,16,
7.0,6,64,28.326
10.0,6,32,26.473
3.0,1300654,32,25.815
2.0,3,64,24.437
8.0,1,0,26.889
2.0,0,32,25.0
2.0,1,16,27.648
2.0,6,32,27.383
12.0,4,64,29.406
7.0,3,0,27.737
1500754.0,3,16,29.496
5.0,5,64,25.563
7.0,6,32,24.091
8.0,3,32,27.551
6.0,1400704,16,25.874
5.0,6,64,24.802
3.0,7,32,25.737
4.0,0,64,25.765
5.0,2,32,26.899
6.0,3,32,25.898
9.0,6,0,28.451
3.0,3,16,28.014
9.0,3,16,27.925
0.0,7,16,26.71
4.0,2,32,26.896
10.0,1,64,26.258
5.0,0,64,26.573
7.0,0,64,25.382
5.0,4,0,24.557
1600804.0,2,32,27.254
5.0,5,64,29.527
3.0,0,16,26.38
7.0,0,64,28.943
7.0,6,64,25.788
3.0,1500754,0,26.617
4.0,1600804,16,24.656
5.0,1700854,64,26.495
7.0,3,64,28.5
6.0,5,32,26.223
,0,64,27.752
7.0,1,0,27.096
4.0,5,16,24.138
2.0,7,32,27.425
2.0,4,32,29.23
9.0,6,64,28.383
3.0,7,32,26.738
5.0,3,0,26.833
1700854.0,0,16,26.742
4.0,4,0,27.067
3.0,4,64,27.416
4.0,2,32,27.794
8.0,2,0,28.862
3.0,2,0,27.79
7.0,3,0,27.12
5.0,3,0,28.226
2.0,1,32,
,6,32,25.772
5.0,7,32,25.364
4.0,4,32,28.249
4.0,4,0,27.036
6.0,0,0,28.635
6.0,6,64,25.037
8.0,1800904,32,27.673
4.0,0,64,28.173
8.0,7,16,28.094
5.0,1,64,27.785
6.0,1,64,28.126
1800904.0,2,16,26.382
7.0,7,0,28.359
3.0,7,16,26.523
5.0,4,64,29.482
5.0,7,0,28.594
5.0,5,32,25.816
3.0,4,32,28.186
5.0,3,16,26.189
4.0,7,32,26.692
11.0,3,64,27.145
2.0,4,16,26.558
2.0,6,32,29.874
3.0,1,16,28.856
4.0,3,0,28.312
6.0,1,32,28.728
1900954.0,3,32,26.492
9.0,7,32,28.92
5.0,4,64,26.946
9.0,6,16,26.357
8.0,1,32,26.179
3.0,5,0,26.352
6.0,4,0,27.476
4.0,6,32,31.056
6.0,2,16,30.579
7.0,7,32,26.041
5.0,1900954,16,27.819
0.0,5,0,30.053
4.0,3,32,26.844
4.0,4,32,26.455
5.0,2,16,28.05
7.0,6,32,26.331
3.0,6,64,26.297
7.0,1,64,27.479
6.0,7,32,27.69
2001004.0,2,32,26.755
6.0,4,0,26.389
7.0,4,64,27.651
8.0,4,64,27.668
4.0,6,0,26.131
7.0,5,0,30.153
12.0,3,0,29.789
4.0,0,0,28.066
2.0,2001004,0,29.273
9.0,2,32,27.955
7.0,7,32,29.857
4.0,3,0,29.465
3.0,7,16,26.777
8.0,6,0,27.501
5.0,5,64,29.822
3.0,6,64,28.758
6.0,6,64,27.767
4.0,4,64,25.653
5.0,2101054,0,29.647
,2,32,26.244
2101054.0,2,16,28.838
2.0,4,64,28.817
4.0,0,64,29.015
2.0,0,16,28.521
3.0,3,0,27.208
2.0,7,64,27.439
6.0,4,64,27.654
8.0,0,0,27.182
5.0,0,16,26.021
4.0,1,0,27.966
2.0,5,16,24.846
4.0,4,0,27.524
8.0,0,16,27.244
4.0,6,32,28.203
2.0,0,0,28.515
6.0,7,16,28.573
2201104.0,4,0,27.749
9.0,6,32,27.639
7.0,4,32,28.643
5.0,7,0,29.571
5.0,7,64,28.643
7.0,1,64,28.714
7.0,2201104,0,30.033
6.0,0,32,25.246
3.0,1,0,28.854
6.0,6,64,29.765
9.0,7,64,30.279
5.0,1,16,27.64
8.0,3,64,26.743
2.0,4,16,28.61
4.0,5,32,26.212
7.0,6,64,27.99
3.0,4,0,27.014
6.0,3,32,27.417
6.0,4,0,28.123
7.0,4,16,27.979
2301154.0,5,32,30.617
6.0,6,16,26.72
12.0,5,32,26.281
6.0,3,32,30.039
7.0,1,64,28.987
9.0,3,32,30.108
2401204.0,4,64,28.832
2501254.0,5,0,30.755
5.0,0,16,28.55
4.0,6,32,25.502
11.0,4,0,26.08
2.0,2,64,26.179
3.0,2,0,28.623
4.0,2,0,28.537
4.0,0,32,28.643
6.0,2301154,32,29.224
5.0,4,16,28.025
5.0,2401204,16,28.132
3.0,5,16,29.763
2.0,4,64,28.861
9.0,0,16,31.485
7.0,1,32,26.702
5.0,4,0,28.866
3.0,7,64,25.978
7.0,6,64,26.48
7.0,0,32,29.227
2601304.0,2,0,29.138
4.0,1,16,28.244
6.0,1,64,27.594
2701354.0,2,0,26.903
3.0,7,64,29.028
2801404.0,4,16,27.373
5.0,4,64,29.657
5.0,0,32,29.906
7.0,3,16,29.413
3.0,2,16,28.151
3.0,4,16,28.309
7.0,5,16,30.379
5.0,2,0,28.126
4.0,3,16,31.647
3.0,1,32,29.516
4.0,2501254,32,28.089
6.0,4,0,28.086
4.0,0,0,28.031
2901454.0,6,0,27.393
3.0,2,32,30.994
4.0,2,16,30.772
3001504.0,4,32,31.107
7.0,6,0,27.515
4.0,7,32,30.092
3101554.0,2,32,26.779
6.0,4,32,26.086
8.0,1,0,30.336
5.0,5,64,30.49
3201604.0,0,16,28.418
4.0,5,0,28.65
3.0,0,32,28.896
8.0,3,32,30.157
4.0,7,0,29.284
4.0,6,32,28.575
2.0,5,0,28.447
3.0,1,64,32.775
4.0,3,64,31.523
7.0,7,16,31.307
6.0,2601304,64,30.481
8.0,7,32,27.502
10.0,7,16,27.57
10.0,7,0,27.197
7.0,4,64,29.07
8.0,4,0,25.263
5.0,7,32,32.713
2.0,3,16,25.932
2.0,1,0,27.948
5.0,2,32,28.445
3301654.0,3,0,26.096
4.0,3,64,31.482
8.0,2,0,27.771
9.0,4,0,28.344
7.0,0,64,30.165
3.0,3,0,28.212
6.0,5,0,31.108
3.0,1,32,29.509
8.0,2701354,64,31.398
3401704.0,3,64,29.064
4.0,3,64,29.005
4.0,5,64,29.57
5.0,6,0,28.809
6.0,3,32,29.502
3501754.0,6,0,27.212
9.0,1,64,26.902
4.0,2,64,29.816
3601804.0,2,64,29.184
5.0,2801404,32,24.646
0.0,5,64,32.189
6.0,2,64,30.556
10.0,0,0,28.045
3.0,5,16,29.734
6.0,2,64,27.935
5.0,7,16,28.997
7.0,4,32,30.972
6.0,1,0,30.707
3.0,1,0,29.691
3701854.0,4,16,30.743
2.0,1,0,29.129
6.0,3,16,28.818
2.0,0,16,29.957
7.0,3,32,28.462
7.0,4,64,32.661
9.0,0,0,31.493
3.0,2,0,27.421
6.0,2901454,32,28.593
6.0,3001504,32,30.967
3801904.0,5,16,32.214
8.0,0,32,30.619
5.0,7,64,31.986
3.0,4,16,30.196
9.0,3,16,31.101
4.0,1,32,27.035
7.0,7,16,29.984
4.0,1,0,28.083
8.0,6,32,27.103
4.0,4,64,29.721
10.0,1,64,30.901
5.0,5,16,26.484
6.0,6,32,27.089
7.0,4,32,26.147
4.0,3,32,28.315
2.0,6,32,31.616
4.0,3,32,32.477
3.0,3101554,16,30.203
6.0,3,64,30.834
7.0,3,16,29.173
3901954.0,6,64,30.078
0.0,7,32,29.646
2.0,1,16,30.729
2.0,1,16,30.478
4.0,7,0,28.378
3.0,0,0,31.038
2.0,4,32,30.37
6.0,7,64,28.016
7.0,3201604,64,31.001
3.0,2,0,29.319
4002004.0,3301654,32,28.954
3.0,5,0,30.03
6.0,7,64,27.237
7.0,0,32,30.436
5.0,2,32,27.613
4102054.0,7,64,27.129
3.0,3401704,32,28.199
6.0,1,16,28.714
5.0,7,16,28.875
5.0,2,16,29.594
6.0,7,32,31.062
2.0,3,16,29.903
4.0,5,32,31.692
6.0,4,64,29.11
9.0,3501754,64,31.299
4.0,1,64,28.367
5.0,0,64,29.173
3.0,7,16,30.74
4202104.0,3,32,29.41
6.0,3,32,32.003
6.0,5,0,29.457
2.0,7,0,29.35
5.0,6,32,29.291
4.0,3,0,28.558
5.0,2,0,29.048
7.0,5,0,31.582
6.0,4,16,32.669
5.0,6,64,29.728
9.0,2,32,29.923
8.0,5,32,27.131
5.0,4,16,30.95
